1	2	13
1	3	5
1	4	10
1	5	2
1	6	13
1	8	1
1	9	6
1	10	6
1	11	7
1	12	1
1	13	5
1	14	7
1	15	5
1	16	5
1	17	2
1	18	3
1	19	6
1	21	1
1	22	4
1	23	7
1	24	3
1	25	3
1	26	3
1	28	3
1	29	3
1	30	3
1	31	3
1	32	4
1	33	1
1	34	5
1	35	2
1	36	6
1	37	2
1	38	2
1	39	5
1	40	6
1	43	2
1	44	3
1	45	1
1	46	5
1	47	3
1	48	4
1	49	2
1	50	3
2	3	8
2	4	5
2	5	3
2	6	7
2	7	3
2	8	5
2	9	6
2	10	7
2	11	6
2	12	3
2	13	2
2	15	2
2	17	1
2	18	6
2	19	5
2	20	1
2	21	3
2	22	2
2	23	1
2	24	2
2	25	4
2	27	1
2	28	2
2	29	2
2	30	4
2	31	2
2	33	2
2	34	1
2	35	2
2	37	1
2	38	2
2	39	1
2	41	3
2	42	2
2	43	2
2	44	1
2	45	1
2	47	3
2	48	6
2	49	1
2	50	4
3	4	11
3	5	3
3	6	3
3	7	1
3	8	7
3	9	7
3	10	7
3	11	6
3	12	3
3	13	6
3	14	3
3	15	3
3	16	4
3	17	4
3	18	6
3	19	6
3	21	5
3	22	7
3	23	1
3	24	2
3	25	4
3	26	1
3	27	2
3	28	11
3	29	2
3	30	1
3	31	2
3	32	3
3	33	1
3	34	5
3	35	3
3	36	3
3	37	4
3	38	1
3	39	5
3	41	1
3	45	1
3	46	1
3	47	2
3	48	1
3	49	3
3	50	1
4	5	5
4	6	5
4	7	7
4	8	4
4	9	2
4	10	3
4	11	5
4	12	2
4	13	1
4	15	2
4	17	2
4	18	5
4	19	2
4	20	2
4	21	3
4	22	4
4	23	1
4	24	1
4	25	2
4	28	2
4	29	3
4	30	2
4	31	2
4	32	1
4	33	1
4	34	4
4	35	1
4	36	1
4	39	1
4	40	1
4	41	1
4	42	1
4	43	1
4	44	2
4	46	1
4	47	3
4	48	2
4	49	2
5	6	3
5	7	2
5	8	3
5	9	4
5	10	3
5	11	5
5	12	1
5	13	3
5	14	3
5	15	3
5	16	1
5	19	1
5	21	2
5	23	2
5	24	2
5	26	1
5	27	2
5	29	1
5	30	1
5	31	4
5	32	2
5	34	1
5	36	1
5	37	7
5	39	1
5	40	6
5	41	1
5	43	2
5	44	1
5	45	3
5	46	1
5	47	1
5	48	2
5	49	2
5	50	2
6	7	7
6	8	2
6	9	4
6	10	3
6	11	7
6	12	1
6	14	1
6	15	3
6	16	4
6	19	3
6	22	2
6	23	3
6	24	2
6	28	1
6	29	1
6	30	2
6	31	1
6	32	1
6	35	1
6	38	2
6	39	2
6	40	2
6	41	1
6	43	2
6	44	3
6	45	2
6	46	1
6	47	1
6	48	1
6	49	4
6	50	1
7	8	2
7	9	5
7	10	1
7	11	3
7	14	1
7	19	1
7	21	1
7	22	3
7	27	1
7	28	4
7	29	1
7	30	2
7	31	1
7	32	3
7	34	4
7	36	2
7	39	1
7	40	2
7	43	2
7	44	1
7	45	2
7	46	1
7	47	1
7	48	3
7	49	2
8	9	2
8	10	2
8	11	1
8	12	2
8	13	3
8	14	1
8	17	3
8	18	7
8	19	1
8	20	3
8	21	6
8	22	2
8	23	1
8	24	2
8	25	2
8	26	2
8	27	1
8	28	1
8	29	6
8	30	1
8	31	1
8	32	1
8	37	3
8	38	1
8	41	1
8	42	3
8	43	1
8	45	1
8	47	1
8	48	2
8	49	1
9	10	1
9	11	8
9	12	4
9	13	1
9	14	2
9	15	1
9	16	1
9	18	1
9	19	4
9	20	1
9	21	2
9	22	1
9	24	2
9	25	2
9	26	1
9	28	2
9	29	1
9	31	2
9	32	1
9	33	2
9	37	2
9	38	1
9	43	2
9	44	1
9	46	1
9	47	2
9	48	1
9	49	1
10	11	2
10	12	3
10	13	1
10	14	1
10	15	4
10	17	2
10	18	1
10	20	1
10	22	4
10	23	1
10	24	1
10	25	1
10	26	1
10	27	2
10	31	1
10	32	1
10	33	2
10	34	2
10	35	3
10	36	1
10	37	3
10	38	2
10	39	2
10	40	1
10	41	1
10	42	1
10	44	2
10	47	1
10	48	1
10	49	2
10	50	2
11	12	4
11	14	3
11	15	2
11	17	1
11	19	2
11	22	1
11	23	5
11	24	2
11	25	2
11	26	1
11	28	1
11	30	2
11	31	3
11	33	1
11	34	1
11	35	2
11	36	1
11	37	1
11	39	3
11	44	1
11	45	4
11	46	2
11	47	1
11	49	1
12	13	1
12	14	1
12	16	1
12	18	2
12	19	1
12	20	1
12	21	1
12	23	1
12	24	2
12	26	2
12	27	1
12	28	1
12	29	2
12	30	3
12	31	1
12	32	1
12	33	2
12	34	2
12	35	2
12	37	7
12	38	1
12	39	3
12	45	1
12	46	2
12	47	1
12	49	2
12	50	1
13	14	1
13	15	1
13	16	1
13	17	2
13	19	1
13	20	2
13	21	1
13	22	2
13	23	1
13	24	1
13	25	1
13	26	1
13	28	2
13	31	2
13	32	1
13	33	1
13	34	1
13	37	1
13	39	1
13	41	2
13	42	2
13	43	1
13	45	1
13	47	1
13	49	2
14	15	1
14	16	1
14	17	3
14	21	1
14	24	1
14	27	2
14	28	4
14	31	3
14	32	2
14	34	6
14	35	3
14	37	2
14	41	1
14	42	1
14	44	3
14	45	2
14	48	2
15	16	1
15	18	1
15	19	3
15	20	4
15	21	1
15	22	4
15	23	1
15	24	2
15	26	1
15	27	3
15	28	1
15	30	2
15	31	1
15	32	1
15	34	1
15	35	1
15	36	2
15	37	2
15	38	2
15	41	2
15	42	2
15	43	1
15	44	1
15	45	2
15	46	1
15	47	3
15	49	1
16	17	1
16	18	4
16	19	2
16	20	4
16	22	3
16	25	2
16	28	2
16	30	2
16	31	1
16	32	2
16	33	2
16	34	1
16	35	2
16	36	1
16	38	5
16	39	3
16	41	1
16	42	1
16	47	3
16	48	2
16	49	1
16	50	1
17	18	3
17	20	4
17	21	1
17	22	2
17	24	1
17	30	1
17	31	1
17	33	1
17	34	1
17	35	2
17	36	1
17	39	1
17	41	3
17	42	1
17	44	1
17	48	1
17	49	1
18	21	3
18	22	3
18	24	1
18	25	2
18	26	2
18	28	1
18	29	5
18	30	1
18	31	1
18	33	1
18	34	1
18	38	2
18	39	2
18	41	2
18	42	1
18	45	1
18	47	1
18	49	1
19	20	2
19	21	1
19	22	3
19	23	1
19	24	1
19	25	1
19	26	1
19	27	1
19	28	1
19	31	2
19	32	2
19	33	1
19	34	4
19	37	1
19	39	2
19	41	1
19	47	2
19	48	2
19	49	1
20	21	2
20	22	1
20	24	1
20	25	1
20	27	1
20	31	2
20	33	2
20	36	1
20	44	2
20	45	1
20	47	1
20	48	1
20	49	1
20	50	1
21	24	4
21	25	2
21	26	3
21	27	2
21	28	5
21	29	2
21	30	3
21	31	2
21	33	6
21	36	1
21	37	1
21	42	1
21	46	1
21	49	1
22	25	1
22	27	2
22	32	1
22	34	5
22	36	1
22	41	1
22	42	1
22	47	6
22	48	1
22	50	3
23	24	1
23	26	1
23	32	3
23	37	1
23	38	1
23	39	2
23	40	2
23	43	1
23	44	1
23	49	1
23	50	1
24	25	4
24	26	4
24	27	2
24	28	2
24	31	2
24	33	4
24	34	1
24	35	3
24	39	1
24	42	1
24	44	2
24	49	1
24	50	1
25	26	1
25	28	2
25	30	1
25	33	1
25	35	1
25	42	1
25	43	1
25	44	1
25	45	1
25	49	1
25	50	1
26	31	1
26	32	1
26	38	1
26	40	3
26	46	4
26	48	3
26	50	1
27	31	2
27	34	1
27	39	2
27	41	2
27	42	1
27	43	1
27	44	1
28	29	1
28	30	1
28	34	3
28	38	1
28	39	3
28	43	1
28	44	2
28	48	1
28	49	1
28	50	1
29	31	1
29	33	2
29	36	1
29	38	1
29	40	1
29	41	2
29	43	1
29	44	3
29	45	1
30	31	2
30	32	1
30	35	1
30	36	2
30	39	1
30	44	1
30	45	1
30	47	1
31	32	1
31	33	2
31	35	1
31	36	2
31	37	1
31	39	1
31	40	1
31	41	1
31	42	1
31	47	1
31	49	2
32	35	3
32	36	3
32	37	1
32	38	1
32	40	1
32	45	1
32	47	1
33	34	1
33	35	3
33	36	1
33	37	1
33	38	1
33	39	2
33	47	1
33	49	2
33	50	2
34	39	2
34	40	1
34	44	2
34	45	1
34	47	2
34	48	3
35	37	1
35	38	2
35	42	1
35	47	1
35	48	1
36	38	1
36	40	1
36	41	1
36	44	1
36	46	1
36	48	1
36	49	3
36	50	1
37	39	1
37	44	1
37	45	4
37	47	1
37	48	1
38	39	3
38	40	1
38	42	1
38	43	1
38	47	1
39	40	1
39	45	2
40	43	2
40	48	1
41	43	1
41	44	1
41	45	1
41	47	1
41	48	1
42	45	1
42	50	1
43	44	1
44	46	1
44	47	1
44	48	1
44	49	1
44	50	1
45	47	1
45	49	1
46	50	2
47	48	1
