"ERP";"CARDIOVASCULAR";"ATTENTION";"P300";"HUMAN";"HEART-RATE";"MEMORY";"VISUAL";"SCENE";"AUDITORY";"STARTLE";"EMOTION";"EEG";"CHILD";"ELECTROPHYSIOLOGICAL";"STIMULUS";"AUTONOMIC";"BRAIN";"INDEX";"AFFECT";"BLOOD-PRESSURE";"METHOD";"MMN";"PERCEPTION";"STRESS";"DEVELOPMENT";"PATTERN";"SLEEP";"BEHAVIOR";"PATIENTS";"ADULT";"CONTROL";"AMPLITUDE";"ANTICIPATION";"CARDIAC";"CONTEXT";"DIFFERENCE";"INDIVIDUAL";"PROBE";"RESPIRATORY";"SIGNAL";"TEMPORAL";"WORD";"AGE";"COMPLEX";"DETECTION";"NORMAL";"PAIN";"SACCADE";"ACTIVATION"
"ERP";117;0;6;4;3;2;13;12;3;9;0;0;2;1;0;3;0;5;5;1;0;1;1;3;1;3;4;1;3;3;4;3;1;1;0;5;3;1;2;0;0;2;2;2;4;1;2;1;0;0
"CARDIOVASCULAR";0;46;1;0;0;1;0;0;0;0;2;0;0;0;0;1;0;0;0;0;1;1;0;1;5;0;2;0;1;1;0;1;0;0;0;0;0;1;0;0;0;2;0;1;1;0;0;1;0;0
"ATTENTION";6;1;41;2;3;0;1;1;1;3;3;2;1;3;0;1;0;0;3;0;0;1;3;0;0;2;2;1;0;0;2;3;0;1;1;0;1;0;2;0;0;0;0;0;1;1;2;2;0;0
"P300";4;0;2;41;0;0;0;2;4;3;1;0;1;1;0;2;0;1;1;2;0;1;0;0;0;0;0;0;0;2;4;0;8;0;0;0;0;0;1;0;0;0;0;0;2;0;0;0;0;0
"HUMAN";3;0;3;0;36;0;1;1;0;1;1;1;1;0;1;0;1;0;0;0;0;0;1;1;0;0;2;1;0;0;0;0;1;1;1;2;0;0;0;1;2;2;0;0;0;0;1;1;0;1
"HEART-RATE";2;1;0;0;0;30;0;0;0;1;1;0;1;0;0;0;4;0;1;0;4;0;0;0;2;1;0;0;1;1;0;3;0;2;1;1;0;2;0;3;0;0;0;1;0;0;0;0;0;0
"MEMORY";13;0;1;0;1;0;31;4;2;3;0;0;0;1;3;0;0;0;2;0;0;0;1;0;0;0;2;1;1;1;1;0;0;0;0;1;0;1;0;0;1;3;1;0;0;1;1;0;1;0
"VISUAL";12;0;1;2;1;0;4;33;0;2;0;1;0;1;2;0;0;2;2;0;0;0;0;2;0;0;2;0;0;1;0;0;1;1;0;0;0;1;1;0;0;1;3;0;0;1;0;0;1;0
"SCENE";3;0;1;4;0;0;2;0;32;3;0;0;1;0;1;1;0;0;0;1;0;0;0;0;0;0;0;0;0;7;1;0;3;1;0;0;1;1;0;0;0;0;0;0;0;1;2;0;6;0
"AUDITORY";9;0;3;3;1;1;3;2;3;29;0;0;0;2;0;2;0;1;2;1;0;0;2;0;0;1;2;1;1;1;1;0;1;0;0;0;0;1;0;1;1;1;0;0;0;2;0;0;0;1
"STARTLE";0;2;3;1;1;1;0;0;0;0;28;3;1;0;0;0;3;0;0;4;0;0;0;1;1;1;0;0;1;0;0;0;0;2;0;0;0;1;5;0;0;1;0;0;1;0;0;0;0;0
"EMOTION";0;0;2;0;1;0;0;1;0;0;3;26;1;2;1;0;0;0;0;2;0;1;0;2;1;0;1;0;1;0;0;0;0;0;0;2;0;0;3;0;0;0;0;1;0;0;0;0;0;1
"EEG";2;0;1;1;1;1;0;0;1;0;1;1;25;0;0;0;1;0;0;0;0;0;0;0;0;0;0;1;0;0;0;0;0;0;0;0;2;0;0;0;0;0;2;0;2;0;0;0;0;0
"CHILD";1;0;3;1;0;0;1;1;0;2;0;2;0;23;2;0;2;1;0;0;0;0;1;1;0;1;1;0;1;0;2;1;0;0;1;0;1;0;1;0;1;0;1;2;0;1;1;0;0;0
"ELECTROPHYSIOLOGICAL";0;0;0;0;1;0;3;2;1;0;0;1;0;2;24;1;0;0;1;0;0;1;0;0;0;0;0;0;2;0;0;0;0;1;0;0;0;0;0;0;0;0;1;0;0;0;1;0;0;0
"STIMULUS";3;1;1;2;0;0;0;0;1;2;0;0;0;0;1;21;0;0;2;0;0;0;1;0;0;1;1;0;0;0;0;0;0;2;1;2;0;1;0;0;0;0;0;0;0;0;0;0;0;0
"AUTONOMIC";0;0;0;0;1;4;0;0;0;0;3;0;1;2;0;0;20;0;1;1;0;0;0;0;1;0;1;0;2;0;0;1;0;0;1;1;0;0;0;2;0;0;0;1;0;0;0;0;0;0
"BRAIN";5;0;0;1;0;0;0;2;0;1;0;0;0;1;0;0;0;20;0;2;0;0;0;1;0;0;2;0;0;1;0;0;0;0;0;0;0;0;0;0;1;0;1;0;3;0;1;1;0;2
"INDEX";5;0;3;1;0;1;2;2;0;2;0;0;0;0;1;2;1;0;20;1;0;1;0;0;0;1;1;0;1;0;1;0;0;2;0;0;0;0;0;0;0;1;0;0;0;0;0;0;0;0
"AFFECT";1;0;0;2;0;0;0;0;1;1;4;2;0;0;0;0;1;2;1;18;0;0;0;1;0;0;0;0;0;0;0;0;1;1;0;1;0;0;2;0;0;0;0;0;0;0;0;0;0;2
"BLOOD-PRESSURE";0;1;0;0;0;4;0;0;0;0;0;0;0;0;0;0;0;0;0;0;18;0;0;0;4;0;0;0;1;0;0;2;0;0;0;0;0;0;0;0;1;0;0;0;0;0;1;0;0;0
"METHOD";1;1;1;1;0;0;0;0;0;0;0;1;0;0;1;0;0;0;1;0;0;17;0;0;0;0;0;0;0;0;0;0;0;0;0;0;1;0;0;0;0;0;0;0;0;2;0;0;0;0
"MMN";1;0;3;0;1;0;1;0;0;2;0;0;0;1;0;1;0;0;0;0;0;0;16;1;0;0;0;0;0;0;1;0;0;0;0;1;2;0;0;0;0;2;0;0;0;2;0;0;0;0
"PERCEPTION";3;1;0;0;1;0;0;2;0;0;1;2;0;1;0;0;0;1;0;1;0;0;1;17;0;0;0;0;1;0;0;0;0;1;0;1;0;0;1;0;0;0;1;0;1;0;0;0;0;1
"STRESS";1;5;0;0;0;2;0;0;0;0;1;1;0;0;0;0;1;0;0;0;4;0;0;0;17;0;0;0;2;1;0;1;0;1;0;0;0;0;0;0;0;1;0;0;0;0;1;0;0;0
"DEVELOPMENT";3;0;2;0;0;1;0;0;0;1;1;0;0;1;0;1;0;0;1;0;0;0;0;0;0;16;0;0;1;0;3;0;0;0;1;0;1;1;0;0;0;0;1;1;0;0;0;1;0;0
"PATTERN";4;2;2;0;2;0;2;2;0;2;0;1;0;1;0;1;1;2;1;0;0;0;0;0;0;0;16;1;0;0;0;0;0;0;1;0;0;0;0;2;0;0;1;0;0;0;0;0;0;2
"SLEEP";1;0;1;0;1;0;1;0;0;1;0;0;1;0;0;0;0;0;0;0;0;0;0;0;0;0;1;14;0;0;0;0;0;0;0;0;0;0;0;0;0;0;0;1;0;0;1;0;0;0
"BEHAVIOR";3;1;0;0;0;1;1;0;0;1;1;1;0;1;2;0;2;0;1;0;1;0;0;1;2;1;0;0;15;0;0;0;0;0;0;0;1;0;0;0;0;0;0;0;1;0;1;0;0;1
"PATIENTS";3;1;0;2;0;1;1;1;7;1;0;0;0;0;0;0;0;1;0;0;0;0;0;0;1;0;0;0;0;15;0;0;0;0;1;0;0;0;0;0;0;0;1;0;1;1;0;1;1;0
"ADULT";4;0;2;4;0;0;1;0;1;1;0;0;0;2;0;0;0;0;1;0;0;0;1;0;0;3;0;0;0;0;14;0;0;0;0;1;0;0;0;0;0;0;0;1;1;0;0;0;0;0
"CONTROL";3;1;3;0;0;3;0;0;0;0;0;0;0;1;0;0;1;0;0;0;2;0;0;0;1;0;0;0;0;0;0;14;0;0;0;0;2;0;1;0;0;0;0;0;0;0;1;1;0;0
"AMPLITUDE";1;0;0;8;1;0;0;1;3;1;0;0;0;0;0;0;0;0;0;1;0;0;0;0;0;0;0;0;0;0;0;0;13;1;0;0;0;0;0;0;0;0;0;0;0;0;0;1;2;0
"ANTICIPATION";1;0;1;0;1;2;0;1;1;0;2;0;0;0;1;2;0;0;2;1;0;0;0;1;1;0;0;0;0;0;0;0;1;13;0;0;0;0;0;0;0;0;0;0;0;0;0;0;2;0
"CARDIAC";0;0;1;0;1;1;0;0;0;0;0;0;0;1;0;1;1;0;0;0;0;0;0;0;0;1;1;0;0;1;0;0;0;0;13;0;0;0;0;2;0;1;0;0;0;0;0;0;0;0
"CONTEXT";5;0;0;0;2;1;1;0;0;0;0;2;0;0;0;2;1;0;0;1;0;0;1;1;0;0;0;0;0;0;1;0;0;0;0;13;0;0;0;0;0;0;0;0;0;0;0;0;0;0
"DIFFERENCE";3;0;1;0;0;0;0;0;1;0;0;0;2;1;0;0;0;0;0;0;0;1;2;0;0;1;0;0;1;0;0;2;0;0;0;0;12;0;1;0;0;0;0;0;0;0;1;0;0;0
"INDIVIDUAL";1;1;0;0;0;2;1;1;1;1;1;0;0;0;0;1;0;0;0;0;0;0;0;0;0;1;0;0;0;0;0;0;0;0;0;0;0;13;0;0;0;0;0;1;0;0;0;0;0;0
"PROBE";2;0;2;1;0;0;0;1;0;0;5;3;0;1;0;0;0;0;0;2;0;0;0;1;0;0;0;0;0;0;0;1;0;0;0;0;1;0;12;0;0;0;0;0;0;0;1;0;0;1
"RESPIRATORY";0;0;0;0;1;3;0;0;0;1;0;0;0;0;0;0;2;0;0;0;0;0;0;0;0;0;2;0;0;0;0;0;0;0;2;0;0;0;0;11;0;0;0;0;0;0;0;0;0;0
"SIGNAL";0;0;0;0;2;0;1;0;0;1;0;0;0;1;0;0;0;1;0;0;1;0;0;0;0;0;0;0;0;0;0;0;0;0;0;0;0;0;0;0;12;0;0;0;0;1;0;0;0;0
"TEMPORAL";2;2;0;0;2;0;3;1;0;1;1;0;0;0;0;0;0;0;1;0;0;0;2;0;1;0;0;0;0;0;0;0;0;0;1;0;0;0;0;0;0;13;0;0;0;0;0;0;0;0
"WORD";2;0;0;0;0;0;1;3;0;0;0;0;2;1;1;0;0;1;0;0;0;0;0;1;0;1;1;0;0;1;0;0;0;0;0;0;0;0;0;0;0;0;13;0;0;0;0;1;0;0
"AGE";2;1;0;0;0;1;0;0;0;0;0;1;0;2;0;0;1;0;0;0;0;0;0;0;0;1;0;1;0;0;1;0;0;0;0;0;0;1;0;0;0;0;0;11;0;0;0;0;0;0
"COMPLEX";4;1;1;2;0;0;0;0;0;0;1;0;2;0;0;0;0;3;0;0;0;0;0;1;0;0;0;0;1;1;1;0;0;0;0;0;0;0;0;0;0;0;0;0;12;0;0;0;0;0
"DETECTION";1;0;1;0;0;0;1;1;1;2;0;0;0;1;0;0;0;0;0;0;0;2;2;0;0;0;0;0;0;1;0;0;0;0;0;0;0;0;0;0;1;0;0;0;0;12;0;0;0;1
"NORMAL";2;0;2;0;1;0;1;0;2;0;0;0;0;1;1;0;0;1;0;0;1;0;0;0;1;0;0;1;1;0;0;1;0;0;0;0;1;0;1;0;0;0;0;0;0;0;12;1;1;0
"PAIN";1;1;2;0;1;0;0;0;0;0;0;0;0;0;0;0;0;1;0;0;0;0;0;0;0;1;0;0;0;1;0;1;1;0;0;0;0;0;0;0;0;0;1;0;0;0;1;11;0;0
"SACCADE";0;0;0;0;0;0;1;1;6;0;0;0;0;0;0;0;0;0;0;0;0;0;0;0;0;0;0;0;0;1;0;0;2;2;0;0;0;0;0;0;0;0;0;0;0;0;1;0;10;0
"ACTIVATION";0;0;0;0;1;0;0;0;0;1;0;1;0;0;0;0;0;2;0;2;0;0;0;1;0;0;2;0;1;0;0;0;0;0;0;0;0;0;1;0;0;0;0;0;0;1;0;0;0;11
